1024
199
99
133
199
229
58
252
231
167
136
33
125
207
247
181
228
210
251
253
197
174
22
1
79
3
230
70
26
55
89
69
78
93
161
90
113
39
200
117
126
212
78
241
22
19
168
208
171
41
127
80
49
161
27
6
102
231
61
52
176
250
5
214
196
157
128
219
17
103
192
30
166
16
125
182
183
240
164
231
12
203
154
249
117
108
56
227
189
57
104
155
208
120
219
11
110
85
160
209
28
95
168
14
228
18
217
99
210
2
13
19
115
35
212
98
42
38
23
168
249
23
55
197
53
126
222
106
163
103
113
14
230
99
46
222
194
200
131
245
95
200
39
137
33
56
9
99
99
13
221
81
65
93
183
136
56
221
154
136
173
140
11
214
153
129
48
162
70
139
162
143
134
191
209
103
196
191
224
26
36
79
187
85
68
176
61
173
195
170
216
100
51
240
122
203
154
234
14
103
61
109
140
4
37
173
194
33
64
195
222
109
188
109
188
93
250
4
150
118
185
166
205
192
216
50
200
28
117
61
227
58
79
117
253
60
65
234
119
108
26
34
108
13
15
117
44
52
86
224
193
54
65
110
152
107
27
35
108
24
196
231
155
76
234
39
217
10
9
21
198
245
2
64
214
146
169
200
29
36
147
230
63
161
139
178
74
199
67
214
147
165
162
92
43
38
114
252
221
52
80
140
224
99
85
150
75
8
123
65
159
161
22
4
13
201
167
207
114
154
253
230
193
186
188
100
46
46
152
20
53
161
65
144
10
94
2
205
59
141
43
183
60
35
46
104
105
100
10
13
98
94
192
181
140
69
97
17
28
80
29
245
169
96
48
177
49
170
200
70
175
57
38
37
176
25
52
64
21
215
93
254
106
84
48
19
162
101
234
107
188
45
114
212
69
155
201
130
208
8
198
136
150
188
190
120
99
7
210
121
92
221
240
214
215
106
143
184
245
55
41
136
228
239
94
16
32
72
87
179
119
186
208
46
35
50
148
12
81
198
146
218
33
219
63
92
101
248
73
111
147
229
230
87
94
124
203
85
162
233
8
123
97
144
165
155
249
173
6
203
89
92
236
15
114
58
34
93
182
190
150
167
64
166
143
159
147
184
47
88
116
71
29
231
58
227
63
212
86
105
177
252
81
242
128
163
20
99
142
167
101
13
129
41
101
131
104
156
219
231
220
192
219
207
149
189
62
182
221
196
181
70
160
67
54
53
23
229
111
58
117
14
122
245
81
112
236
58
136
27
175
161
232
143
4
245
199
133
20
70
72
231
76
138
173
23
56
4
135
83
46
209
242
204
34
110
157
31
39
80
159
64
33
212
49
11
169
97
2
213
39
216
145
20
59
174
177
132
121
5
32
102
79
235
186
136
162
163
84
145
76
85
27
51
88
79
224
133
134
207
11
2
245
26
142
171
199
179
194
89
240
113
242
179
15
239
188
230
22
174
223
231
108
91
103
11
57
69
234
110
125
88
194
194
144
91
39
190
246
51
224
68
53
113
95
98
151
182
233
22
53
105
47
197
20
40
218
110
124
101
139
38
236
10
46
180
169
125
198
145
219
238
169
88
126
84
206
101
36
97
133
39
231
68
42
139
92
160
248
141
210
117
145
176
126
199
85
45
195
76
18
237
174
108
22
115
143
249
225
247
3
53
203
188
135
38
29
62
116
2
100
10
224
248
219
210
72
52
191
100
113
213
40
99
41
232
240
182
47
105
199
59
72
181
136
160
147
177
175
251
172
81
157
85
57
53
234
2
25
43
243
83
23
221
151
5
60
222
124
230
117
12
100
120
69
102
143
109
188
120
7
89
56
57
111
11
147
182
157
104
101
144
207
231
248
31
85
129
65
124
181
1
167
59
246
248
126
160
216
1
68
150
38
61
239
156
18
193
52
49
108
56
238
217
254
187
6
207
178
173
223
55
226
52
240
25
203
241
204
186
230
62
189
240
114
119
47
121
222
21
12
126
77
242
250
11
13
95
103
95
242
192
184
223
61
193
24
1
111
154
244
25
217
83
40
10
117
33
125
2
238
49
94
147
36
174
244
55
173
12
148
17
86
9
35
135
96
199
248
183
35
4
143
43
206
118
21
193
153
59
48
105
236
50
185
227
196
21
166
97
15
189
93
14
152
140
26
16
19
98
204
7
131
203
58
69
217
142
36
83
1
192
68
38
140
41
214
255
71
254
203
188
20
82
47
235
69
148
69
13
54
245
53
243
76
22
254
226
102
183
21
1
124
151
184
151
52
165
146
130
135
116
117
42
24
31
249
5
233
72
197
240
214
234
149
159
1
180
156
210
160
146
145
174
153