512
199
99
133
199
229
58
252
231
167
136
33
125
207
247
181
228
210
251
253
197
174
22
1
79
3
230
70
26
55
89
69
78
93
161
90
113
39
200
117
126
212
78
241
22
19
168
208
171
41
127
80
49
161
27
6
102
231
61
52
176
250
5
214
196
157
128
219
17
103
192
30
166
16
125
182
183
240
164
231
12
203
154
249
117
108
56
227
189
57
104
155
208
120
219
11
110
85
160
209
28
95
168
14
228
18
217
99
210
2
13
19
115
35
212
98
42
38
23
168
249
23
55
197
53
126
222
106
163
103
113
14
230
99
46
222
194
200
131
245
95
200
39
137
33
56
9
99
99
13
221
81
65
93
183
136
56
221
154
136
173
140
11
214
153
129
48
162
70
139
162
143
134
191
209
103
196
191
224
26
36
79
187
85
68
176
61
173
195
170
216
100
51
240
122
203
154
234
14
103
61
109
140
4
37
173
194
33
64
195
222
109
188
109
188
93
250
4
150
118
185
166
205
192
216
50
200
28
117
61
227
58
79
117
253
60
65
234
119
108
26
34
108
13
15
117
44
52
86
224
193
54
65
110
152
107
27
35
108
24
196
231
155
76
234
39
217
10
9
21
198
245
2
64
214
146
169
200
29
36
147
230
63
161
139
178
74
199
67
214
147
165
162
92
43
38
114
252
221
52
80
140
224
99
85
150
75
8
123
65
159
161
22
4
13
201
167
207
114
154
253
230
193
186
188
100
46
46
152
20
53
161
65
144
10
94
2
205
59
141
43
183
60
35
46
104
105
100
10
13
98
94
192
181
140
69
97
17
28
80
29
245
169
96
48
177
49
170
200
70
175
57
38
37
176
25
52
64
21
215
93
254
106
84
48
19
162
101
234
107
188
45
114
212
69
155
201
130
208
8
198
136
150
188
190
120
99
7
210
121
92
221
240
214
215
106
143
184
245
55
41
136
228
239
94
16
32
72
87
179
119
186
208
46
35
50
148
12
81
198
146
218
33
219
63
92
101
248
73
111
147
229
230
87
94
124
203
85
162
233
8
123
97
144
165
155
249
173
6
203
89
92
236
15
114
58
34
93
182
190
150
167
64
166
143
159
147
184
47
88
116
71
29
231
58
227
63
212
86
105
177
252
81
242
128
163
20
99
142
167
101
13
129