256
199
99
133
199
229
58
252
231
167
136
33
125
207
247
181
228
210
251
253
197
174
22
1
79
3
230
70
26
55
89
69
78
93
161
90
113
39
200
117
126
212
78
241
22
19
168
208
171
41
127
80
49
161
27
6
102
231
61
52
176
250
5
214
196
157
128
219
17
103
192
30
166
16
125
182
183
240
164
231
12
203
154
249
117
108
56
227
189
57
104
155
208
120
219
11
110
85
160
209
28
95
168
14
228
18
217
99
210
2
13
19
115
35
212
98
42
38
23
168
249
23
55
197
53
126
222
106
163
103
113
14
230
99
46
222
194
200
131
245
95
200
39
137
33
56
9
99
99
13
221
81
65
93
183
136
56
221
154
136
173
140
11
214
153
129
48
162
70
139
162
143
134
191
209
103
196
191
224
26
36
79
187
85
68
176
61
173
195
170
216
100
51
240
122
203
154
234
14
103
61
109
140
4
37
173
194
33
64
195
222
109
188
109
188
93
250
4
150
118
185
166
205
192
216
50
200
28
117
61
227
58
79
117
253
60
65
234
119
108
26
34
108
13
15
117
44
52
86
224
193
54
65
110
152
107
27