4096
199
99
133
199
229
58
252
231
167
136
33
125
207
247
181
228
210
251
253
197
174
22
1
79
3
230
70
26
55
89
69
78
93
161
90
113
39
200
117
126
212
78
241
22
19
168
208
171
41
127
80
49
161
27
6
102
231
61
52
176
250
5
214
196
157
128
219
17
103
192
30
166
16
125
182
183
240
164
231
12
203
154
249
117
108
56
227
189
57
104
155
208
120
219
11
110
85
160
209
28
95
168
14
228
18
217
99
210
2
13
19
115
35
212
98
42
38
23
168
249
23
55
197
53
126
222
106
163
103
113
14
230
99
46
222
194
200
131
245
95
200
39
137
33
56
9
99
99
13
221
81
65
93
183
136
56
221
154
136
173
140
11
214
153
129
48
162
70
139
162
143
134
191
209
103
196
191
224
26
36
79
187
85
68
176
61
173
195
170
216
100
51
240
122
203
154
234
14
103
61
109
140
4
37
173
194
33
64
195
222
109
188
109
188
93
250
4
150
118
185
166
205
192
216
50
200
28
117
61
227
58
79
117
253
60
65
234
119
108
26
34
108
13
15
117
44
52
86
224
193
54
65
110
152
107
27
35
108
24
196
231
155
76
234
39
217
10
9
21
198
245
2
64
214
146
169
200
29
36
147
230
63
161
139
178
74
199
67
214
147
165
162
92
43
38
114
252
221
52
80
140
224
99
85
150
75
8
123
65
159
161
22
4
13
201
167
207
114
154
253
230
193
186
188
100
46
46
152
20
53
161
65
144
10
94
2
205
59
141
43
183
60
35
46
104
105
100
10
13
98
94
192
181
140
69
97
17
28
80
29
245
169
96
48
177
49
170
200
70
175
57
38
37
176
25
52
64
21
215
93
254
106
84
48
19
162
101
234
107
188
45
114
212
69
155
201
130
208
8
198
136
150
188
190
120
99
7
210
121
92
221
240
214
215
106
143
184
245
55
41
136
228
239
94
16
32
72
87
179
119
186
208
46
35
50
148
12
81
198
146
218
33
219
63
92
101
248
73
111
147
229
230
87
94
124
203
85
162
233
8
123
97
144
165
155
249
173
6
203
89
92
236
15
114
58
34
93
182
190
150
167
64
166
143
159
147
184
47
88
116
71
29
231
58
227
63
212
86
105
177
252
81
242
128
163
20
99
142
167
101
13
129
41
101
131
104
156
219
231
220
192
219
207
149
189
62
182
221
196
181
70
160
67
54
53
23
229
111
58
117
14
122
245
81
112
236
58
136
27
175
161
232
143
4
245
199
133
20
70
72
231
76
138
173
23
56
4
135
83
46
209
242
204
34
110
157
31
39
80
159
64
33
212
49
11
169
97
2
213
39
216
145
20
59
174
177
132
121
5
32
102
79
235
186
136
162
163
84
145
76
85
27
51
88
79
224
133
134
207
11
2
245
26
142
171
199
179
194
89
240
113
242
179
15
239
188
230
22
174
223
231
108
91
103
11
57
69
234
110
125
88
194
194
144
91
39
190
246
51
224
68
53
113
95
98
151
182
233
22
53
105
47
197
20
40
218
110
124
101
139
38
236
10
46
180
169
125
198
145
219
238
169
88
126
84
206
101
36
97
133
39
231
68
42
139
92
160
248
141
210
117
145
176
126
199
85
45
195
76
18
237
174
108
22
115
143
249
225
247
3
53
203
188
135
38
29
62
116
2
100
10
224
248
219
210
72
52
191
100
113
213
40
99
41
232
240
182
47
105
199
59
72
181
136
160
147
177
175
251
172
81
157
85
57
53
234
2
25
43
243
83
23
221
151
5
60
222
124
230
117
12
100
120
69
102
143
109
188
120
7
89
56
57
111
11
147
182
157
104
101
144
207
231
248
31
85
129
65
124
181
1
167
59
246
248
126
160
216
1
68
150
38
61
239
156
18
193
52
49
108
56
238
217
254
187
6
207
178
173
223
55
226
52
240
25
203
241
204
186
230
62
189
240
114
119
47
121
222
21
12
126
77
242
250
11
13
95
103
95
242
192
184
223
61
193
24
1
111
154
244
25
217
83
40
10
117
33
125
2
238
49
94
147
36
174
244
55
173
12
148
17
86
9
35
135
96
199
248
183
35
4
143
43
206
118
21
193
153
59
48
105
236
50
185
227
196
21
166
97
15
189
93
14
152
140
26
16
19
98
204
7
131
203
58
69
217
142
36
83
1
192
68
38
140
41
214
255
71
254
203
188
20
82
47
235
69
148
69
13
54
245
53
243
76
22
254
226
102
183
21
1
124
151
184
151
52
165
146
130
135
116
117
42
24
31
249
5
233
72
197
240
214
234
149
159
1
180
156
210
160
146
145
174
153
73
18
23
145
119
110
240
108
196
227
160
50
92
15
105
84
227
156
209
249
37
102
167
165
226
101
28
75
185
246
16
67
22
86
29
171
123
106
83
3
224
234
30
16
251
167
143
17
194
238
26
126
197
83
169
135
173
255
65
9
126
231
239
120
237
43
162
65
215
8
219
108
91
93
196
191
214
59
110
234
34
192
36
148
90
180
151
11
95
216
36
148
153
66
238
120
12
160
96
132
136
214
229
175
195
198
127
218
251
180
41
253
47
70
53
178
182
23
135
204
251
133
176
239
249
95
181
60
31
106
206
109
246
76
93
22
164
4
87
131
165
224
97
146
52
227
2
24
181
28
81
157
210
16
189
226
203
21
43
179
144
21
68
193
90
244
172
93
179
156
95
108
199
49
99
247
233
98
148
154
133
29
182
185
76
204
238
174
252
240
208
230
31
136
99
197
144
154
5
241
196
101
252
111
207
40
103
11
207
128
121
156
195
180
121
41
87
123
234
158
18
228
186
212
164
255
43
99
114
190
212
47
243
146
250
9
59
4
120
18
65
116
244
219
189
208
19
8
80
96
41
253
201
179
199
177
157
255
124
188
159
127
27
18
114
189
79
178
232
168
250
97
40
150
158
55
227
70
4
190
22
22
248
57
46
100
158
150
142
197
114
8
94
199
120
164
167
228
196
9
237
240
31
96
182
60
102
215
67
71
119
121
63
210
208
16
227
166
90
93
242
98
85
192
168
180
39
34
20
55
47
210
70
249
167
21
107
52
225
187
100
201
47
234
106
14
34
29
187
241
170
0
186
174
161
43
14
63
45
230
101
22
18
63
124
119
218
28
49
202
112
24
160
186
27
190
62
234
139
30
28
188
148
129
22
132
158
219
227
188
129
5
114
221
129
182
192
22
81
19
232
208
142
36
105
99
119
238
64
114
247
62
185
40
96
41
184
28
73
2
216
42
49
96
25
228
185
118
229
38
71
19
30
110
207
202
164
97
19
130
1
26
220
103
194
24
52
113
0
58
250
155
144
7
108
80
183
217
123
14
103
231
196
107
237
36
103
92
235
151
151
8
86
206
141
89
221
17
167
225
146
101
231
121
223
217
41
141
181
46
167
186
112
40
7
217
78
205
125
3
226
2
164
24
8
218
109
128
73
124
190
33
186
88
5
143
145
15
94
127
84
134
145
107
154
248
168
123
199
99
120
46
247
222
23
33
62
145
11
85
108
110
0
148
217
218
129
71
223
219
232
166
134
27
159
114
88
219
226
3
119
190
124
177
254
92
66
139
26
166
209
180
29
171
198
128
100
117
36
223
76
67
63
203
100
54
149
131
143
70
186
55
221
130
151
124
88
70
76
40
124
184
16
226
20
247
116
227
33
133
52
14
98
216
242
149
128
115
203
165
3
104
160
140
35
1
109
164
97
230
116
117
190
189
9
1
152
186
7
31
218
65
32
165
206
183
134
103
213
37
223
122
58
28
236
34
168
197
183
30
144
221
34
28
17
117
75
17
213
181
50
144
71
2
128
62
242
168
105
217
27
11
207
171
255
245
119
185
0
24
57
44
93
230
115
42
127
44
51
163
67
40
118
1
136
133
137
120
159
13
133
142
143
213
220
131
84
4
128
31
122
254
174
19
68
40
75
11
205
243
84
184
239
253
109
188
179
23
119
143
12
14
70
147
11
31
12
111
177
230
150
241
61
75
202
107
205
142
235
223
92
0
136
34
179
145
173
116
219
82
251
105
23
161
180
137
164
17
95
23
72
44
145
167
197
223
169
78
2
187
200
188
188
24
199
46
234
220
191
58
153
89
184
141
213
149
8
230
74
155
153
18
230
55
146
118
23
159
34
119
178
252
135
238
93
218
138
30
46
160
91
109
222
19
207
103
43
129
54
214
143
125
174
199
181
132
73
43
113
141
33
201
42
88
225
213
112
123
38
111
78
163
184
254
194
135
5
201
223
120
211
205
13
42
247
117
163
53
119
177
94
87
19
157
243
66
161
29
104
17
207
146
143
66
242
186
129
107
86
221
97
146
43
236
47
170
255
100
156
29
150
239
52
49
241
106
185
231
47
177
178
25
98
171
16
63
148
226
119
140
93
191
38
228
142
55
150
92
36
211
198
210
223
24
91
135
232
94
249
229
153
244
71
206
154
183
243
168
124
226
235
205
226
193
186
1
245
113
157
47
209
41
53
217
190
212
209
208
41
247
212
201
235
126
32
63
18
165
57
252
79
228
200
71
49
165
134
249
229
122
50
178
203
243
159
234
91
208
202
62
115
207
217
228
229
188
143
127
125
21
189
215
20
77
173
121
218
246
129
212
20
4
182
229
35
137
53
40
84
140
129
88
94
128
196
165
208
218
62
251
249
103
197
54
86
242
0
39
200
201
49
7
124
96
122
199
8
176
25
144
185
106
211
215
223
104
33
160
24
58
164
54
178
95
84
66
178
49
164
85
129
228
36
134
93
186
149
209
44
146
9
66
116
148
38
135
247
51
24
77
162
3
251
60
150
196
118
118
49
133
30
74
108
200
144
194
253
42
210
122
101
52
151
214
44
225
255
209
228
243
139
35
106
76
167
54
238
222
124
133
250
145
81
8
81
175
218
157
118
90
15
198
198
111
7
86
37
187
48
104
154
59
230
49
101
1
154
235
58
99
114
65
222
109
189
5
78
171
177
248
232
70
24
79
215
251
132
236
18
181
125
83
109
3
31
131
161
150
210
200
81
242
72
179
219
254
20
180
19
11
207
230
105
189
10
189
27
110
110
218
190
89
202
103
99
126
223
187
223
168
138
71
186
78
43
94
71
72
155
94
93
61
189
86
141
129
192
5
134
189
227
237
124
183
61
150
194
38
183
210
180
12
241
131
166
209
220
22
138
226
218
182
250
212
39
56
166
157
247
40
240
139
121
123
105
91
190
179
75
222
84
206
129
105
169
229
136
216
250
243
156
210
177
163
137
13
32
56
242
62
238
37
188
229
68
210
44
118
90
125
120
78
18
134
57
2
212
33
134
50
158
33
2
160
185
55
75
74
58
89
23
248
20
170
60
198
227
90
2
44
180
77
212
208
211
131
167
133
73
16
166
140
159
79
164
231
119
172
95
64
199
229
140
185
121
11
0
99
220
196
126
205
130
65
97
6
199
7
168
251
101
224
136
220
27
34
24
76
27
47
190
101
182
69
200
82
136
177
58
75
187
25
71
141
1
165
25
135
47
232
63
173
106
42
87
36
89
134
153
87
105
113
89
41
195
100
78
173
208
158
192
250
207
115
153
201
201
195
232
139
221
60
83
197
89
223
154
23
248
175
153
182
251
71
233
77
113
141
142
7
243
139
250
39
178
241
123
156
129
235
53
222
123
163
56
20
121
71
204
9
197
68
230
172
146
194
62
177
89
67
246
225
149
122
53
95
222
239
174
169
85
89
163
53
109
119
226
192
133
236
121
201
2
51
203
118
188
17
227
221
237
80
140
219
45
143
173
183
230
89
40
151
45
84
228
43
103
138
181
92
86
141
10
2
65
43
30
234
69
247
14
175
165
96
117
224
107
82
83
33
40
131
61
235
62
24
79
158
36
163
109
229
130
89
29
171
231
198
30
69
239
162
154
254
67
239
15
45
115
101
106
54
222
250
25
6
218
77
123
77
64
122
143
122
79
209
251
92
65
137
100
29
116
21
47
45
31
193
90
53
196
89
216
176
85
170
203
66
120
174
219
157
214
78
99
162
228
219
249
203
187
89
71
37
49
203
31
59
132
210
140
157
106
182
10
226
51
210
201
121
127
52
29
202
119
133
234
11
25
100
202
65
190
250
232
98
66
70
180
215
73
239
218
241
69
158
41
131
43
189
81
202
211
186
203
116
181
130
74
6
17
207
127
162
135
218
57
169
152
38
193
105
248
176
156
57
131
147
241
23
22
93
83
55
15
52
237
70
112
135
76
221
217
183
108
108
1
233
128
134
247
17
172
234
164
66
237
25
14
230
124
16
97
109
206
82
108
7
208
80
210
241
146
45
209
61
67
172
40
129
79
21
246
16
225
190
0
2
210
225
145
98
88
250
124
128
248
148
180
115
185
224
11
6
59
226
30
197
99
186
169
62
17
204
172
109
244
29
80
174
115
214
198
195
223
116
236
144
43
203
72
91
53
127
201
86
227
111
153
103
4
153
57
77
124
27
207
154
199
188
49
188
93
83
168
177
236
240
85
113
94
232
32
74
196
139
61
188
228
235
206
181
9
53
31
32
35
187
237
222
247
87
59
57
107
146
140
150
135
23
237
250
249
199
57
249
155
241
191
33
132
89
3
242
12
185
65
163
250
205
113
216
86
116
200
1
176
68
225
240
53
214
28
159
28
86
146
13
22
37
48
157
211
32
86
44
118
20
10
50
139
205
1
83
189
177
224
16
79
58
67
22
206
254
137
251
35
24
111
141
104
211
89
189
248
123
11
119
194
148
191
4
88
228
109
111
29
208
84
234
221
115
247
183
52
62
121
25
183
216
138
39
246
213
24
78
219
213
125
75
219
218
157
78
68
164
159
33
33
82
156
173
224
28
120
247
147
129
92
224
132
218
142
138
152
120
183
74
122
128
65
13
99
182
107
83
130
136
14
2
234
76
43
47
6
80
27
130
32
147
121
130
239
247
53
122
138
149
105
244
56
227
66
250
207
157
8
203
86
106
124
245
174
169
107
65
8
0
60
106
141
245
34
174
30
28
198
127
112
196
205
14
2
221
51
47
70
244
25
251
203
56
140
127
194
231
229
118
209
80
71
143
216
174
137
182
241
5
112
180
181
234
169
77
14
72
198
50
47
187
148
158
57
237
147
111
136
146
83
202
214
222
103
175
173
31
57
252
86
9
211
126
89
33
203
191
250
223
204
31
236
185
84
224
151
15
235
190
124
255
16
129
165
90
222
6
250
19
38
100
140
17
9
16
149
41
227
35
61
166
57
162
115
123
26
102
131
189
139
255
130
249
102
125
162
93
15
189
57
185
189
116
253
221
54
116
19
157
99
213
57
70
161
48
21
208
190
54
147
94
43
53
113
66
178
128
71
237
133
0
216
160
245
23
247
71
94
243
162
108
40
108
178
138
101
137
228
199
38
194
176
134
102
22
175
231
206
178
54
50
208
62
127
112
241
99
101
252
133
55
144
192
39
247
11
95
66
156
15
216
40
108
100
83
161
0
246
66
154
151
105
48
156
131
68
21
214
87
5
26
108
118
11
211
26
84
140
212
249
182
250
33
3
105
108
153
106
221
119
206
183
110
45
161
183
241
237
212
64
127
68
108
15
6
132
86
43
226
140
199
197
0
57
141
244
198
226
6
237
67
117
73
126
4
191
43
45
155
11
205
250
151
212
122
206
128
99
255
58
222
84
229
108
151
29
223
88
30
106
96
79
254
234
143
87
176
196
80
225
75
53
49
177
252
194
183
26
153
98
126
112
216
159
59
216
196
32
51
88
143
156
219
0
156
67
206
95
51
67
60
212
6
60
243
229
254
194
1
105
3
178
193
115
154
253
162
73
67
187
174
96
7
154
137
126
146
169
174
140
188
184
7
15
191
186
18
208
177
206
10
28
136
164
249
61
9
196
26
195
69
67
147
158
250
122
223
163
173
197
71
65
162
247
132
222
26
230
200
97
69
142
31
36
19
63
140
43
10
103
170
24
238
105
219
204
16
204
87
155
193
58
12
184
145
216
1
130
130
239
145
219
34
218
244
83
231
110
41
109
164
76
101
74
60
88
92
231
198
210
0
196
205
23
36
30
74
119
232
84
111
56
25
84
213
224
56
94
130
108
207
40
90
180
129
15
9
87
32
165
54
130
154
30
171
87
28
127
127
78
26
237
176
126
46
217
4
160
116
63
137
123
38
207
251
104
66
68
135
227
132
171
20
40
189
150
148
203
188
101
222
12
51
15
82
190
241
43
11
90
11
74
92
186
19
215
239
161
130
128
84
120
98
125
59
6
131
191
61
192
230
98
93
117
37
241
252
89
114
166
167
163
149
86
91
210
167
55
35
18
195
255
240
22
208
44
15
147
169
105
108
246
113
113
6
157
211
92
100
222
174
170
242
69
170
119
87
244
45
119
23
156
125
11
67
166
12
217
110
161
80
228
142
152
107
85
195
234
14
168
75
196
208
196
38
32
237
208
169
71
17
35
6
174
22
209
217
97
110
246
48
159
188
26
107
98
65
55
235
139
217
144
74
138
205
116
116
46
104
70
29
93
112
125
158
124
196
130
250
67
94
54
77
20
122
182
139
62
70
200
129
166
213
224
202
249
61
252
132
117
42
77
122
28
185
155
244
56
150
108
0
15
147
226
115
108
177
242
245
183
53
144
211
57
88
54
205
182
185
56
78
207
238
29
162
138
69
11
194
149
99
115
83
102
214
133
243
155
204
168
44
75
91
78
226
182
38
142
156
58
169
149
137
63
142
23
27
95
57
252
7
140
138
136
155
172
27
223
65
67
67
12
177
145
38
61
219
236
181
225
185
135
171
186
15
2
153
17
246
243
7
59
82
204
207
8
211
95
180
233
255
220
47
66
108
62
74
42
179
108
47
95
85
254
48
65
237
239
29
170
216
255
194
146
1
12
12
111
11
81
41
132
66
62
97
7
135
60
106
147
10
199
185
56
208
3
23
12
242
176
219
72
165
113
77
225
251
113
114
61
37
23
216
52
120
251
252
250
223
54
221
74
240
219
52
162
79
244
198
193
12
208
108
46
28
154
154
35
232
12
107
231
35
122
123
6
90
208
186
100
231
234
108
31
222
229
145
193
31
125
98
171
92
94
73
153
143
213
8
175
244
221
56
152
226
107
248
12
133
15
15
98
118
66
150
200
160
2
12
237
82
180
97
221
237
31
76
43
207
12
197
70
253
89
135
83
62
59
158
61
197
9
235
