2048
199
99
133
199
229
58
252
231
167
136
33
125
207
247
181
228
210
251
253
197
174
22
1
79
3
230
70
26
55
89
69
78
93
161
90
113
39
200
117
126
212
78
241
22
19
168
208
171
41
127
80
49
161
27
6
102
231
61
52
176
250
5
214
196
157
128
219
17
103
192
30
166
16
125
182
183
240
164
231
12
203
154
249
117
108
56
227
189
57
104
155
208
120
219
11
110
85
160
209
28
95
168
14
228
18
217
99
210
2
13
19
115
35
212
98
42
38
23
168
249
23
55
197
53
126
222
106
163
103
113
14
230
99
46
222
194
200
131
245
95
200
39
137
33
56
9
99
99
13
221
81
65
93
183
136
56
221
154
136
173
140
11
214
153
129
48
162
70
139
162
143
134
191
209
103
196
191
224
26
36
79
187
85
68
176
61
173
195
170
216
100
51
240
122
203
154
234
14
103
61
109
140
4
37
173
194
33
64
195
222
109
188
109
188
93
250
4
150
118
185
166
205
192
216
50
200
28
117
61
227
58
79
117
253
60
65
234
119
108
26
34
108
13
15
117
44
52
86
224
193
54
65
110
152
107
27
35
108
24
196
231
155
76
234
39
217
10
9
21
198
245
2
64
214
146
169
200
29
36
147
230
63
161
139
178
74
199
67
214
147
165
162
92
43
38
114
252
221
52
80
140
224
99
85
150
75
8
123
65
159
161
22
4
13
201
167
207
114
154
253
230
193
186
188
100
46
46
152
20
53
161
65
144
10
94
2
205
59
141
43
183
60
35
46
104
105
100
10
13
98
94
192
181
140
69
97
17
28
80
29
245
169
96
48
177
49
170
200
70
175
57
38
37
176
25
52
64
21
215
93
254
106
84
48
19
162
101
234
107
188
45
114
212
69
155
201
130
208
8
198
136
150
188
190
120
99
7
210
121
92
221
240
214
215
106
143
184
245
55
41
136
228
239
94
16
32
72
87
179
119
186
208
46
35
50
148
12
81
198
146
218
33
219
63
92
101
248
73
111
147
229
230
87
94
124
203
85
162
233
8
123
97
144
165
155
249
173
6
203
89
92
236
15
114
58
34
93
182
190
150
167
64
166
143
159
147
184
47
88
116
71
29
231
58
227
63
212
86
105
177
252
81
242
128
163
20
99
142
167
101
13
129
41
101
131
104
156
219
231
220
192
219
207
149
189
62
182
221
196
181
70
160
67
54
53
23
229
111
58
117
14
122
245
81
112
236
58
136
27
175
161
232
143
4
245
199
133
20
70
72
231
76
138
173
23
56
4
135
83
46
209
242
204
34
110
157
31
39
80
159
64
33
212
49
11
169
97
2
213
39
216
145
20
59
174
177
132
121
5
32
102
79
235
186
136
162
163
84
145
76
85
27
51
88
79
224
133
134
207
11
2
245
26
142
171
199
179
194
89
240
113
242
179
15
239
188
230
22
174
223
231
108
91
103
11
57
69
234
110
125
88
194
194
144
91
39
190
246
51
224
68
53
113
95
98
151
182
233
22
53
105
47
197
20
40
218
110
124
101
139
38
236
10
46
180
169
125
198
145
219
238
169
88
126
84
206
101
36
97
133
39
231
68
42
139
92
160
248
141
210
117
145
176
126
199
85
45
195
76
18
237
174
108
22
115
143
249
225
247
3
53
203
188
135
38
29
62
116
2
100
10
224
248
219
210
72
52
191
100
113
213
40
99
41
232
240
182
47
105
199
59
72
181
136
160
147
177
175
251
172
81
157
85
57
53
234
2
25
43
243
83
23
221
151
5
60
222
124
230
117
12
100
120
69
102
143
109
188
120
7
89
56
57
111
11
147
182
157
104
101
144
207
231
248
31
85
129
65
124
181
1
167
59
246
248
126
160
216
1
68
150
38
61
239
156
18
193
52
49
108
56
238
217
254
187
6
207
178
173
223
55
226
52
240
25
203
241
204
186
230
62
189
240
114
119
47
121
222
21
12
126
77
242
250
11
13
95
103
95
242
192
184
223
61
193
24
1
111
154
244
25
217
83
40
10
117
33
125
2
238
49
94
147
36
174
244
55
173
12
148
17
86
9
35
135
96
199
248
183
35
4
143
43
206
118
21
193
153
59
48
105
236
50
185
227
196
21
166
97
15
189
93
14
152
140
26
16
19
98
204
7
131
203
58
69
217
142
36
83
1
192
68
38
140
41
214
255
71
254
203
188
20
82
47
235
69
148
69
13
54
245
53
243
76
22
254
226
102
183
21
1
124
151
184
151
52
165
146
130
135
116
117
42
24
31
249
5
233
72
197
240
214
234
149
159
1
180
156
210
160
146
145
174
153
73
18
23
145
119
110
240
108
196
227
160
50
92
15
105
84
227
156
209
249
37
102
167
165
226
101
28
75
185
246
16
67
22
86
29
171
123
106
83
3
224
234
30
16
251
167
143
17
194
238
26
126
197
83
169
135
173
255
65
9
126
231
239
120
237
43
162
65
215
8
219
108
91
93
196
191
214
59
110
234
34
192
36
148
90
180
151
11
95
216
36
148
153
66
238
120
12
160
96
132
136
214
229
175
195
198
127
218
251
180
41
253
47
70
53
178
182
23
135
204
251
133
176
239
249
95
181
60
31
106
206
109
246
76
93
22
164
4
87
131
165
224
97
146
52
227
2
24
181
28
81
157
210
16
189
226
203
21
43
179
144
21
68
193
90
244
172
93
179
156
95
108
199
49
99
247
233
98
148
154
133
29
182
185
76
204
238
174
252
240
208
230
31
136
99
197
144
154
5
241
196
101
252
111
207
40
103
11
207
128
121
156
195
180
121
41
87
123
234
158
18
228
186
212
164
255
43
99
114
190
212
47
243
146
250
9
59
4
120
18
65
116
244
219
189
208
19
8
80
96
41
253
201
179
199
177
157
255
124
188
159
127
27
18
114
189
79
178
232
168
250
97
40
150
158
55
227
70
4
190
22
22
248
57
46
100
158
150
142
197
114
8
94
199
120
164
167
228
196
9
237
240
31
96
182
60
102
215
67
71
119
121
63
210
208
16
227
166
90
93
242
98
85
192
168
180
39
34
20
55
47
210
70
249
167
21
107
52
225
187
100
201
47
234
106
14
34
29
187
241
170
0
186
174
161
43
14
63
45
230
101
22
18
63
124
119
218
28
49
202
112
24
160
186
27
190
62
234
139
30
28
188
148
129
22
132
158
219
227
188
129
5
114
221
129
182
192
22
81
19
232
208
142
36
105
99
119
238
64
114
247
62
185
40
96
41
184
28
73
2
216
42
49
96
25
228
185
118
229
38
71
19
30
110
207
202
164
97
19
130
1
26
220
103
194
24
52
113
0
58
250
155
144
7
108
80
183
217
123
14
103
231
196
107
237
36
103
92
235
151
151
8
86
206
141
89
221
17
167
225
146
101
231
121
223
217
41
141
181
46
167
186
112
40
7
217
78
205
125
3
226
2
164
24
8
218
109
128
73
124
190
33
186
88
5
143
145
15
94
127
84
134
145
107
154
248
168
123
199
99
120
46
247
222
23
33
62
145
11
85
108
110
0
148
217
218
129
71
223
219
232
166
134
27
159
114
88
219
226
3
119
190
124
177
254
92
66
139
26
166
209
180
29
171
198
128
100
117
36
223
76
67
63
203
100
54
149
131
143
70
186
55
221
130
151
124
88
70
76
40
124
184
16
226
20
247
116
227
33
133
52
14
98
216
242
149
128
115
203
165
3
104
160
140
35
1
109
164
97
230
116
117
190
189
9
1
152
186
7
31
218
65
32
165
206
183
134
103
213
37
223
122
58
28
236
34
168
197
183
30
144
221
34
28
17
117
75
17
213
181
50
144
71
2
128
62
242
168
105
217
27
11
207
171
255
245
119
185
0
24
57
44
93
230
115
42
127
44
51
163
67
40
118
1
136
133
137
120
159
13
133
142
143
213
220
131
84
4
128
31
122
254
174
19
68
40
75
11
205
243
84
184
239
253
109
188
179
23
119
143
12
14
70
147
11
31
12
111
177
230
150
241
61
75
202
107
205
142
235
223
92
0
136
34
179
145
173
116
219
82
251
105
23
161
180
137
164
17
95
23
72
44
145
167
197
223
169
78
2
187
200
188
188
24
199
46
234
220
191
58
153
89
184
141
213
149
8
230
74
155
153
18
230
55
146
118
23
159
34
119
178
252
135
238
93
218
138
30
46
160
91
109
222
19
207
103
43
129
54
214
143
125
174
199
181
132
73
43
113
141
33
201
42
88
225
213
112
123
38
111
78
163
184
254
194
135
5
201
223
120
211
205
13
42
247
117
163
53
119
177
94
87
19
157
243
66
161
29
104
17
207
146
143
66
242
186
129
107
86
221
97
146
43
236
47
170
255
100
156
29
150
239
52
49
241
106
185
231
47
177
178
25
98
171
16
63
148
226
119
140
93
191
38
228
142
55
150
92
36
211
198
210
223
24
91
135
232
94
249
229
153
244
71
206
154
183
243
168
124
226
235
205
226
193
186
1
245
113
157
47
209
41
53
217
190
212
209
208
41
247
212
201
235
126
32
63
18
165
57
252
79
228
200
71
49
165
134
249
229
122
50
178
203
243
159
234
91
208
202
62
115
207
217
228
229
188
143
127
125
21
189
215
20
77