8192 
199
99
133
199
229
58
252
231
167
136
33
125
207
247
181
228
210
251
253
197
174
22
1
79
3
230
70
26
55
89
69
78
93
161
90
113
39
200
117
126
212
78
241
22
19
168
208
171
41
127
80
49
161
27
6
102
231
61
52
176
250
5
214
196
157
128
219
17
103
192
30
166
16
125
182
183
240
164
231
12
203
154
249
117
108
56
227
189
57
104
155
208
120
219
11
110
85
160
209
28
95
168
14
228
18
217
99
210
2
13
19
115
35
212
98
42
38
23
168
249
23
55
197
53
126
222
106
163
103
113
14
230
99
46
222
194
200
131
245
95
200
39
137
33
56
9
99
99
13
221
81
65
93
183
136
56
221
154
136
173
140
11
214
153
129
48
162
70
139
162
143
134
191
209
103
196
191
224
26
36
79
187
85
68
176
61
173
195
170
216
100
51
240
122
203
154
234
14
103
61
109
140
4
37
173
194
33
64
195
222
109
188
109
188
93
250
4
150
118
185
166
205
192
216
50
200
28
117
61
227
58
79
117
253
60
65
234
119
108
26
34
108
13
15
117
44
52
86
224
193
54
65
110
152
107
27
35
108
24
196
231
155
76
234
39
217
10
9
21
198
245
2
64
214
146
169
200
29
36
147
230
63
161
139
178
74
199
67
214
147
165
162
92
43
38
114
252
221
52
80
140
224
99
85
150
75
8
123
65
159
161
22
4
13
201
167
207
114
154
253
230
193
186
188
100
46
46
152
20
53
161
65
144
10
94
2
205
59
141
43
183
60
35
46
104
105
100
10
13
98
94
192
181
140
69
97
17
28
80
29
245
169
96
48
177
49
170
200
70
175
57
38
37
176
25
52
64
21
215
93
254
106
84
48
19
162
101
234
107
188
45
114
212
69
155
201
130
208
8
198
136
150
188
190
120
99
7
210
121
92
221
240
214
215
106
143
184
245
55
41
136
228
239
94
16
32
72
87
179
119
186
208
46
35
50
148
12
81
198
146
218
33
219
63
92
101
248
73
111
147
229
230
87
94
124
203
85
162
233
8
123
97
144
165
155
249
173
6
203
89
92
236
15
114
58
34
93
182
190
150
167
64
166
143
159
147
184
47
88
116
71
29
231
58
227
63
212
86
105
177
252
81
242
128
163
20
99
142
167
101
13
129
41
101
131
104
156
219
231
220
192
219
207
149
189
62
182
221
196
181
70
160
67
54
53
23
229
111
58
117
14
122
245
81
112
236
58
136
27
175
161
232
143
4
245
199
133
20
70
72
231
76
138
173
23
56
4
135
83
46
209
242
204
34
110
157
31
39
80
159
64
33
212
49
11
169
97
2
213
39
216
145
20
59
174
177
132
121
5
32
102
79
235
186
136
162
163
84
145
76
85
27
51
88
79
224
133
134
207
11
2
245
26
142
171
199
179
194
89
240
113
242
179
15
239
188
230
22
174
223
231
108
91
103
11
57
69
234
110
125
88
194
194
144
91
39
190
246
51
224
68
53
113
95
98
151
182
233
22
53
105
47
197
20
40
218
110
124
101
139
38
236
10
46
180
169
125
198
145
219
238
169
88
126
84
206
101
36
97
133
39
231
68
42
139
92
160
248
141
210
117
145
176
126
199
85
45
195
76
18
237
174
108
22
115
143
249
225
247
3
53
203
188
135
38
29
62
116
2
100
10
224
248
219
210
72
52
191
100
113
213
40
99
41
232
240
182
47
105
199
59
72
181
136
160
147
177
175
251
172
81
157
85
57
53
234
2
25
43
243
83
23
221
151
5
60
222
124
230
117
12
100
120
69
102
143
109
188
120
7
89
56
57
111
11
147
182
157
104
101
144
207
231
248
31
85
129
65
124
181
1
167
59
246
248
126
160
216
1
68
150
38
61
239
156
18
193
52
49
108
56
238
217
254
187
6
207
178
173
223
55
226
52
240
25
203
241
204
186
230
62
189
240
114
119
47
121
222
21
12
126
77
242
250
11
13
95
103
95
242
192
184
223
61
193
24
1
111
154
244
25
217
83
40
10
117
33
125
2
238
49
94
147
36
174
244
55
173
12
148
17
86
9
35
135
96
199
248
183
35
4
143
43
206
118
21
193
153
59
48
105
236
50
185
227
196
21
166
97
15
189
93
14
152
140
26
16
19
98
204
7
131
203
58
69
217
142
36
83
1
192
68
38
140
41
214
255
71
254
203
188
20
82
47
235
69
148
69
13
54
245
53
243
76
22
254
226
102
183
21
1
124
151
184
151
52
165
146
130
135
116
117
42
24
31
249
5
233
72
197
240
214
234
149
159
1
180
156
210
160
146
145
174
153
73
18
23
145
119
110
240
108
196
227
160
50
92
15
105
84
227
156
209
249
37
102
167
165
226
101
28
75
185
246
16
67
22
86
29
171
123
106
83
3
224
234
30
16
251
167
143
17
194
238
26
126
197
83
169
135
173
255
65
9
126
231
239
120
237
43
162
65
215
8
219
108
91
93
196
191
214
59
110
234
34
192
36
148
90
180
151
11
95
216
36
148
153
66
238
120
12
160
96
132
136
214
229
175
195
198
127
218
251
180
41
253
47
70
53
178
182
23
135
204
251
133
176
239
249
95
181
60
31
106
206
109
246
76
93
22
164
4
87
131
165
224
97
146
52
227
2
24
181
28
81
157
210
16
189
226
203
21
43
179
144
21
68
193
90
244
172
93
179
156
95
108
199
49
99
247
233
98
148
154
133
29
182
185
76
204
238
174
252
240
208
230
31
136
99
197
144
154
5
241
196
101
252
111
207
40
103
11
207
128
121
156
195
180
121
41
87
123
234
158
18
228
186
212
164
255
43
99
114
190
212
47
243
146
250
9
59
4
120
18
65
116
244
219
189
208
19
8
80
96
41
253
201
179
199
177
157
255
124
188
159
127
27
18
114
189
79
178
232
168
250
97
40
150
158
55
227
70
4
190
22
22
248
57
46
100
158
150
142
197
114
8
94
199
120
164
167
228
196
9
237
240
31
96
182
60
102
215
67
71
119
121
63
210
208
16
227
166
90
93
242
98
85
192
168
180
39
34
20
55
47
210
70
249
167
21
107
52
225
187
100
201
47
234
106
14
34
29
187
241
170
0
186
174
161
43
14
63
45
230
101
22
18
63
124
119
218
28
49
202
112
24
160
186
27
190
62
234
139
30
28
188
148
129
22
132
158
219
227
188
129
5
114
221
129
182
192
22
81
19
232
208
142
36
105
99
119
238
64
114
247
62
185
40
96
41
184
28
73
2
216
42
49
96
25
228
185
118
229
38
71
19
30
110
207
202
164
97
19
130
1
26
220
103
194
24
52
113
0
58
250
155
144
7
108
80
183
217
123
14
103
231
196
107
237
36
103
92
235
151
151
8
86
206
141
89
221
17
167
225
146
101
231
121
223
217
41
141
181
46
167
186
112
40
7
217
78
205
125
3
226
2
164
24
8
218
109
128
73
124
190
33
186
88
5
143
145
15
94
127
84
134
145
107
154
248
168
123
199
99
120
46
247
222
23
33
62
145
11
85
108
110
0
148
217
218
129
71
223
219
232
166
134
27
159
114
88
219
226
3
119
190
124
177
254
92
66
139
26
166
209
180
29
171
198
128
100
117
36
223
76
67
63
203
100
54
149
131
143
70
186
55
221
130
151
124
88
70
76
40
124
184
16
226
20
247
116
227
33
133
52
14
98
216
242
149
128
115
203
165
3
104
160
140
35
1
109
164
97
230
116
117
190
189
9
1
152
186
7
31
218
65
32
165
206
183
134
103
213
37
223
122
58
28
236
34
168
197
183
30
144
221
34
28
17
117
75
17
213
181
50
144
71
2
128
62
242
168
105
217
27
11
207
171
255
245
119
185
0
24
57
44
93
230
115
42
127
44
51
163
67
40
118
1
136
133
137
120
159
13
133
142
143
213
220
131
84
4
128
31
122
254
174
19
68
40
75
11
205
243
84
184
239
253
109
188
179
23
119
143
12
14
70
147
11
31
12
111
177
230
150
241
61
75
202
107
205
142
235
223
92
0
136
34
179
145
173
116
219
82
251
105
23
161
180
137
164
17
95
23
72
44
145
167
197
223
169
78
2
187
200
188
188
24
199
46
234
220
191
58
153
89
184
141
213
149
8
230
74
155
153
18
230
55
146
118
23
159
34
119
178
252
135
238
93
218
138
30
46
160
91
109
222
19
207
103
43
129
54
214
143
125
174
199
181
132
73
43
113
141
33
201
42
88
225
213
112
123
38
111
78
163
184
254
194
135
5
201
223
120
211
205
13
42
247
117
163
53
119
177
94
87
19
157
243
66
161
29
104
17
207
146
143
66
242
186
129
107
86
221
97
146
43
236
47
170
255
100
156
29
150
239
52
49
241
106
185
231
47
177
178
25
98
171
16
63
148
226
119
140
93
191
38
228
142
55
150
92
36
211
198
210
223
24
91
135
232
94
249
229
153
244
71
206
154
183
243
168
124
226
235
205
226
193
186
1
245
113
157
47
209
41
53
217
190
212
209
208
41
247
212
201
235
126
32
63
18
165
57
252
79
228
200
71
49
165
134
249
229
122
50
178
203
243
159
234
91
208
202
62
115
207
217
228
229
188
143
127
125
21
189
215
20
77
173
121
218
246
129
212
20
4
182
229
35
137
53
40
84
140
129
88
94
128
196
165
208
218
62
251
249
103
197
54
86
242
0
39
200
201
49
7
124
96
122
199
8
176
25
144
185
106
211
215
223
104
33
160
24
58
164
54
178
95
84
66
178
49
164
85
129
228
36
134
93
186
149
209
44
146
9
66
116
148
38
135
247
51
24
77
162
3
251
60
150
196
118
118
49
133
30
74
108
200
144
194
253
42
210
122
101
52
151
214
44
225
255
209
228
243
139
35
106
76
167
54
238
222
124
133
250
145
81
8
81
175
218
157
118
90
15
198
198
111
7
86
37
187
48
104
154
59
230
49
101
1
154
235
58
99
114
65
222
109
189
5
78
171
177
248
232
70
24
79
215
251
132
236
18
181
125
83
109
3
31
131
161
150
210
200
81
242
72
179
219
254
20
180
19
11
207
230
105
189
10
189
27
110
110
218
190
89
202
103
99
126
223
187
223
168
138
71
186
78
43
94
71
72
155
94
93
61
189
86
141
129
192
5
134
189
227
237
124
183
61
150
194
38
183
210
180
12
241
131
166
209
220
22
138
226
218
182
250
212
39
56
166
157
247
40
240
139
121
123
105
91
190
179
75
222
84
206
129
105
169
229
136
216
250
243
156
210
177
163
137
13
32
56
242
62
238
37
188
229
68
210
44
118
90
125
120
78
18
134
57
2
212
33
134
50
158
33
2
160
185
55
75
74
58
89
23
248
20
170
60
198
227
90
2
44
180
77
212
208
211
131
167
133
73
16
166
140
159
79
164
231
119
172
95
64
199
229
140
185
121
11
0
99
220
196
126
205
130
65
97
6
199
7
168
251
101
224
136
220
27
34
24
76
27
47
190
101
182
69
200
82
136
177
58
75
187
25
71
141
1
165
25
135
47
232
63
173
106
42
87
36
89
134
153
87
105
113
89
41
195
100
78
173
208
158
192
250
207
115
153
201
201
195
232
139
221
60
83
197
89
223
154
23
248
175
153
182
251
71
233
77
113
141
142
7
243
139
250
39
178
241
123
156
129
235
53
222
123
163
56
20
121
71
204
9
197
68
230
172
146
194
62
177
89
67
246
225
149
122
53
95
222
239
174
169
85
89
163
53
109
119
226
192
133
236
121
201
2
51
203
118
188
17
227
221
237
80
140
219
45
143
173
183
230
89
40
151
45
84
228
43
103
138
181
92
86
141
10
2
65
43
30
234
69
247
14
175
165
96
117
224
107
82
83
33
40
131
61
235
62
24
79
158
36
163
109
229
130
89
29
171
231
198
30
69
239
162
154
254
67
239
15
45
115
101
106
54
222
250
25
6
218
77
123
77
64
122
143
122
79
209
251
92
65
137
100
29
116
21
47
45
31
193
90
53
196
89
216
176
85
170
203
66
120
174
219
157
214
78
99
162
228
219
249
203
187
89
71
37
49
203
31
59
132
210
140
157
106
182
10
226
51
210
201
121
127
52
29
202
119
133
234
11
25
100
202
65
190
250
232
98
66
70
180
215
73
239
218
241
69
158
41
131
43
189
81
202
211
186
203
116
181
130
74
6
17
207
127
162
135
218
57
169
152
38
193
105
248
176
156
57
131
147
241
23
22
93
83
55
15
52
237
70
112
135
76
221
217
183
108
108
1
233
128
134
247
17
172
234
164
66
237
25
14
230
124
16
97
109
206
82
108
7
208
80
210
241
146
45
209
61
67
172
40
129
79
21
246
16
225
190
0
2
210
225
145
98
88
250
124
128
248
148
180
115
185
224
11
6
59
226
30
197
99
186
169
62
17
204
172
109
244
29
80
174
115
214
198
195
223
116
236
144
43
203
72
91
53
127
201
86
227
111
153
103
4
153
57
77
124
27
207
154
199
188
49
188
93
83
168
177
236
240
85
113
94
232
32
74
196
139
61
188
228
235
206
181
9
53
31
32
35
187
237
222
247
87
59
57
107
146
140
150
135
23
237
250
249
199
57
249
155
241
191
33
132
89
3
242
12
185
65
163
250
205
113
216
86
116
200
1
176
68
225
240
53
214
28
159
28
86
146
13
22
37
48
157
211
32
86
44
118
20
10
50
139
205
1
83
189
177
224
16
79
58
67
22
206
254
137
251
35
24
111
141
104
211
89
189
248
123
11
119
194
148
191
4
88
228
109
111
29
208
84
234
221
115
247
183
52
62
121
25
183
216
138
39
246
213
24
78
219
213
125
75
219
218
157
78
68
164
159
33
33
82
156
173
224
28
120
247
147
129
92
224
132
218
142
138
152
120
183
74
122
128
65
13
99
182
107
83
130
136
14
2
234
76
43
47
6
80
27
130
32
147
121
130
239
247
53
122
138
149
105
244
56
227
66
250
207
157
8
203
86
106
124
245
174
169
107
65
8
0
60
106
141
245
34
174
30
28
198
127
112
196
205
14
2
221
51
47
70
244
25
251
203
56
140
127
194
231
229
118
209
80
71
143
216
174
137
182
241
5
112
180
181
234
169
77
14
72
198
50
47
187
148
158
57
237
147
111
136
146
83
202
214
222
103
175
173
31
57
252
86
9
211
126
89
33
203
191
250
223
204
31
236
185
84
224
151
15
235
190
124
255
16
129
165
90
222
6
250
19
38
100
140
17
9
16
149
41
227
35
61
166
57
162
115
123
26
102
131
189
139
255
130
249
102
125
162
93
15
189
57
185
189
116
253
221
54
116
19
157
99
213
57
70
161
48
21
208
190
54
147
94
43
53
113
66
178
128
71
237
133
0
216
160
245
23
247
71
94
243
162
108
40
108
178
138
101
137
228
199
38
194
176
134
102
22
175
231
206
178
54
50
208
62
127
112
241
99
101
252
133
55
144
192
39
247
11
95
66
156
15
216
40
108
100
83
161
0
246
66
154
151
105
48
156
131
68
21
214
87
5
26
108
118
11
211
26
84
140
212
249
182
250
33
3
105
108
153
106
221
119
206
183
110
45
161
183
241
237
212
64
127
68
108
15
6
132
86
43
226
140
199
197
0
57
141
244
198
226
6
237
67
117
73
126
4
191
43
45
155
11
205
250
151
212
122
206
128
99
255
58
222
84
229
108
151
29
223
88
30
106
96
79
254
234
143
87
176
196
80
225
75
53
49
177
252
194
183
26
153
98
126
112
216
159
59
216
196
32
51
88
143
156
219
0
156
67
206
95
51
67
60
212
6
60
243
229
254
194
1
105
3
178
193
115
154
253
162
73
67
187
174
96
7
154
137
126
146
169
174
140
188
184
7
15
191
186
18
208
177
206
10
28
136
164
249
61
9
196
26
195
69
67
147
158
250
122
223
163
173
197
71
65
162
247
132
222
26
230
200
97
69
142
31
36
19
63
140
43
10
103
170
24
238
105
219
204
16
204
87
155
193
58
12
184
145
216
1
130
130
239
145
219
34
218
244
83
231
110
41
109
164
76
101
74
60
88
92
231
198
210
0
196
205
23
36
30
74
119
232
84
111
56
25
84
213
224
56
94
130
108
207
40
90
180
129
15
9
87
32
165
54
130
154
30
171
87
28
127
127
78
26
237
176
126
46
217
4
160
116
63
137
123
38
207
251
104
66
68
135
227
132
171
20
40
189
150
148
203
188
101
222
12
51
15
82
190
241
43
11
90
11
74
92
186
19
215
239
161
130
128
84
120
98
125
59
6
131
191
61
192
230
98
93
117
37
241
252
89
114
166
167
163
149
86
91
210
167
55
35
18
195
255
240
22
208
44
15
147
169
105
108
246
113
113
6
157
211
92
100
222
174
170
242
69
170
119
87
244
45
119
23
156
125
11
67
166
12
217
110
161
80
228
142
152
107
85
195
234
14
168
75
196
208
196
38
32
237
208
169
71
17
35
6
174
22
209
217
97
110
246
48
159
188
26
107
98
65
55
235
139
217
144
74
138
205
116
116
46
104
70
29
93
112
125
158
124
196
130
250
67
94
54
77
20
122
182
139
62
70
200
129
166
213
224
202
249
61
252
132
117
42
77
122
28
185
155
244
56
150
108
0
15
147
226
115
108
177
242
245
183
53
144
211
57
88
54
205
182
185
56
78
207
238
29
162
138
69
11
194
149
99
115
83
102
214
133
243
155
204
168
44
75
91
78
226
182
38
142
156
58
169
149
137
63
142
23
27
95
57
252
7
140
138
136
155
172
27
223
65
67
67
12
177
145
38
61
219
236
181
225
185
135
171
186
15
2
153
17
246
243
7
59
82
204
207
8
211
95
180
233
255
220
47
66
108
62
74
42
179
108
47
95
85
254
48
65
237
239
29
170
216
255
194
146
1
12
12
111
11
81
41
132
66
62
97
7
135
60
106
147
10
199
185
56
208
3
23
12
242
176
219
72
165
113
77
225
251
113
114
61
37
23
216
52
120
251
252
250
223
54
221
74
240
219
52
162
79
244
198
193
12
208
108
46
28
154
154
35
232
12
107
231
35
122
123
6
90
208
186
100
231
234
108
31
222
229
145
193
31
125
98
171
92
94
73
153
143
213
8
175
244
221
56
152
226
107
248
12
133
15
15
98
118
66
150
200
160
2
12
237
82
180
97
221
237
31
76
43
207
12
197
70
253
89
135
83
62
59
158
61
197
9
235
210
241
58
56
177
53
16
3
104
58
127
233
219
208
222
124
198
183
0
84
216
242
161
62
176
36
39
124
64
63
200
55
187
145
211
150
196
231
30
165
77
80
96
252
120
216
87
205
181
99
236
34
40
10
50
63
219
33
78
20
161
210
221
14
203
254
114
173
18
97
52
176
176
224
190
218
79
125
9
123
83
213
165
159
98
71
60
192
8
116
205
124
33
77
156
55
196
206
151
70
215
70
205
228
34
226
60
215
186
51
232
163
119
91
175
30
38
242
162
95
159
193
101
164
22
80
125
47
186
78
207
45
93
183
219
105
194
158
211
242
41
141
180
35
121
87
202
246
74
29
49
51
58
83
0
239
91
32
15
215
83
109
176
202
197
222
106
29
163
243
154
118
106
8
239
0
170
223
110
161
222
72
122
72
145
140
149
195
183
166
147
239
147
237
113
192
101
23
184
6
237
132
142
166
200
219
217
118
171
245
250
17
186
138
129
165
245
91
52
184
20
231
37
110
107
181
77
83
175
79
124
178
87
128
130
46
138
241
7
205
119
161
255
200
134
207
101
252
228
247
159
174
82
194
237
45
169
171
130
32
217
199
38
198
239
203
8
136
1
94
34
147
150
133
24
154
38
125
234
137
240
151
116
152
41
53
181
10
12
30
89
109
192
63
182
106
83
240
97
29
216
78
250
240
39
210
40
171
67
172
169
70
165
231
120
177
254
232
207
78
117
178
244
43
113
253
83
15
125
229
228
147
216
181
255
16
161
161
177
99
237
88
203
72
22
124
30
93
99
47
173
99
125
23
160
50
31
29
221
126
66
129
31
116
77
184
98
206
62
94
129
8
132
127
36
247
157
141
16
172
88
227
104
66
117
167
92
144
126
41
255
241
235
7
198
187
173
19
176
169
251
66
108
150
85
117
103
42
10
141
223
253
75
168
161
181
196
19
54
25
144
107
29
196
196
130
247
124
85
178
244
250
48
146
117
200
219
1
61
89
82
167
208
245
74
4
38
28
188
211
237
231
183
209
149
145
185
92
10
234
231
169
112
35
221
220
111
27
189
105
102
132
200
111
79
234
75
141
184
195
78
198
75
167
6
175
16
219
219
151
92
187
32
248
171
141
97
73
175
187
190
168
1
187
181
203
6
124
100
109
227
150
249
39
157
207
78
181
124
53
25
142
151
52
187
169
167
123
76
34
122
54
58
134
110
217
181
255
185
196
91
80
149
230
25
97
21
155
7
185
225
243
121
67
70
186
235
96
9
244
52
118
155
148
25
5
103
100
171
178
109
62
247
20
74
100
41
182
138
7
130
76
142
89
37
142
66
84
166
221
141
204
115
67
209
59
64
37
247
26
141
233
3
238
69
83
94
35
156
18
245
175
222
196
151
232
241
168
165
216
238
140
145
13
253
182
103
151
49
40
78
57
117
154
193
208
12
90
223
59
202
141
64
178
210
57
166
63
72
119
75
229
231
248
175
242
124
8
208
165
249
180
2
24
15
155
0
89
61
30
113
235
15
156
50
56
176
156
210
253
150
30
151
134
42
200
201
107
254
123
195
112
97
61
128
206
22
121
17
174
150
69
152
60
211
101
218
167
68
103
152
255
48
98
251
137
61
174
235
122
212
252
240
74
214
2
87
186
232
62
211
52
232
206
28
137
51
246
37
176
109
170
234
173
130
35
223
87
83
10
73
175
223
66
94
250
127
9
75
133
85
32
79
26
165
43
13
196
98
73
212
162
192
253
192
252
246
166
9
54
164
157
105
172
49
191
13
167
35
72
58
98
97
77
4
60
139
248
38
104
32
196
25
116
76
171
72
113
96
198
190
148
201
190
205
182
21
224
80
141
187
162
36
186
135
133
104
235
112
33
88
214
80
248
92
183
163
22
154
88
117
72
210
192
97
232
46
204
143
80
235
251
214
222
154
211
153
31
242
108
10
38
163
22
103
217
23
155
1
155
217
209
200
248
114
228
43
51
203
69
47
150
124
232
252
84
150
165
172
94
141
21
2
164
180
227
56
225
218
162
62
41
24
151
114
17
47
217
19
168
215
13
143
191
87
223
1
221
80
117
188
130
235
3
225
139
80
100
129
247
200
190
156
87
230
121
203
33
80
210
234
191
252
34
158
119
198
197
122
0
78
249
37
182
99
61
15
20
151
225
8
111
5
162
145
159
223
233
166
6
87
92
81
247
234
84
3
246
179
64
219
177
162
122
131
221
83
11
108
4
214
105
92
105
129
253
53
172
196
23
45
71
16
226
143
106
86
217
204
145
40
61
49
9
74
123
127
70
86
217
166
125
17
132
139
128
142
229
0
208
197
20
131
50
88
206
178
92
111
249
143
24
212
188
100
89
245
202
241
186
44
112
44
139
201
134
170
198
43
82
213
106
159
169
80
169
134
129
248
212
202
117
141
15
128
141
98
82
116
230
225
10
15
226
161
98
12
46
106
244
47
67
97
46
1
190
140
57
156
220
238
111
201
185
235
29
1
195
76
98
156
139
164
99
253
135
250
112
136
142
205
184
225
126
179
42
151
156
130
231
0
116
200
0
91
88
0
168
150
253
104
148
247
24
157
30
122
63
36
212
239
39
205
209
237
90
102
79
146
39
252
238
129
105
158
71
201
171
65
251
235
128
181
78
215
19
176
146
168
238
107
68
88
200
142
19
251
27
224
104
144
179
108
61
125
134
167
159
160
74
139
92
178
157
164
52
28
202
80
96
201
111
24
246
120
164
168
6
121
30
133
179
169
104
218
142
162
118
27
54
210
239
73
225
76
68
42
137
200
238
212
206
209
43
131
123
149
39
114
103
166
55
159
52
129
168
214
135
101
250
97
19
35
243
186
243
54
224
254
171
30
254
172
85
201
160
166
208
67
244
147
183
244
231
177
122
157
174
214
251
68
246
69
215
99
153
232
235
9
41
175
149
241
85
209
61
164
114
189
164
154
235
152
19
154
76
37
58
52
46
156
64
166
41
252
0
39
141
175
135
127
198
58
201
65
252
101
4
153
210
213
67
78
89
254
26
166
240
52
139
80
93
34
227
98
158
255
39
160
177
174
226
3
106
208
201
219
58
232
235
238
10
213
232
84
62
37
179
88
70
182
62
130
135
66
199
90
251
60
49
162
140
47
222
72
80
191
236
56
226
9
196
71
241
23
147
176
218
221
90
205
218
210
189
43
180
75
168
117
84
100
0
148
34
40
126
167
56
81
86
27
133
143
103
126
172
228
151
52
245
208
232
202
16
182
165
233
99
126
3
42
242
159
145
167
18
205
150
84
235
64
37
5
12
128
143
237
94
235
22
27
47
6
247
52
146
51
10
109
122
105
58
162
84
141
167
157
62
202
9
203
46
131
152
14
164
154
227
133
163
98
161
51
166
71
84
121
106
13
90
217
22
177
53
225
68
198
60
66
126
87
27
1
175
37
24
197
11
225
22
199
243
101
239
217
107
33
9
137
94
234
29
135
133
15
161
172
212
65
193
120
37
53
0
85
114
89
86
49
138
161
226
18
238
25
1
49
139
154
158
249
161
34
1
243
166
44
166
122
68
18
134
29
26
74
66
77
41
64
199
56
220
53
21
73
246
68
229
207
123
106
75
157
26
156
161
31
100
129
97
118
222
34
81
150
64
178
176
202
228
89
15
66
228
181
232
200
38
92
226
250
241
160
233
43
64
100
112
80
224
200
210
209
73
70
0
78
112
135
63
216
215
246
87
230
68
139
112
20
218
82
33
204
114
184
25
90
36
10
242
57
49
97
46
190
233
72
79
176
34
77
166
166
56
95
98
251
88
92
185
175
221
5
172
2
35
164
24
247
120
237
35
250
117
173
15
155
211
181
185
34
60
158
173
140
64
234
93
219
142
104
92
116
22
212
134
59
118
248
60
188
253
5
205
234
238
183
36
133
154
99
225
97
218
219
10
72
214
160
67
237
4
157
103
215
194
61
240
248
120
135
23
19
165
209
249
242
153
29
210
222
103
245
74
121
89
113
226
162
210
3
77
166
195
11
125
48
108
106
172
9
226
244
119
45
166
46
233
169
40
59
5
241
99
33
144
107
122
131
10
191
151
242
239
44
229
60
102
37
100
90
195
142
188
107
211
9
173
65
204
2
31
174
167
20
46
190
238
195
96
222
31
182
253
114
209
95
136
229
15
222
223
198
68
7
71
116
102
46
166
195
102
106
161
7
128
12
105
191
73
23
134
23
236
163
150
16
1
30
181
241
175
135
218
75
40
11
192
21
6
168
147
198
207
41
74
149
245
230
53
153
226
111
177
131
15
102
151
61
166
86
135
31
157
116
149
218
44
202
230
229
52
200
90
209
239
48
89
86
92
168
157
248
214
95
223
169
39
19
25
85
224
25
136
232
173
63
193
153
156
183
76
24
125
49
200
115
106
33
3
130
22
61
220
200
112
172
174
122
123
11
74
246
233
100
215
130
12
178
150
159
169
188
177
241
241
173
3
8
205
1
211
32
1
109
196
229
242
62
165
78
245
122
32
201
65
245
175
212
79
20
12
3
207
116
13
166
128
107
32
127
125
240
161
200
148
201
178
123
49
178
4
66
236
112
52
161
181
195
41
131
246
222
219
60
82
156
254
202
30
50
202
63
116
203
247
244
35
225
207
215
29
224
94
203
23
121
33
142
146
43
65
186
107
176
115
166
6
34
71
86
127
155
166
49
24
228
93
107
30
185
151
151
81
104
100
143
188
75
40
141
47
173
160
155
39
132
169
59
55
144
33
141
217
139
98
99
195
232
122
252
208
70
90
7
159
215
128
63
191
219
189
212
204
231
153
40
169
85
239
99
99
233
80
130
36
216
124
152
143
78
143
120
195
10
108
50
68
136
26
167
60
247
33
23
254
156
133
214
75
124
97
31
84
224
133
184
75
93
121
83
0
69
65
203
159
227
91
128
224
149
84
92
237
218
67
168
83
81
194
171
68
67
250
110
218
9
150
203
44
51
159
254
33
7
9
21
236
227
92
51
28
15
184
156
228
211
249
110
61
218
10
103
205
230
93
232
13
140
101
204
0
115
173
184
190
203
62
142
155
72
75
155
44
25
93
37
79
234
121
208
140
14
106
204
53
205
56
241
168
48
139
150
11
6
198
55
9
174
94
254
141
206
22
80
217
92
107
134
8
105
22
8
100
174
91
110
248
249
124
0
149
73
44
172
128
114
36
148
123
185
191
228
136
250
114
60
157
235
30
58
163
131
175
192
20
8
88
252
119
249
158
123
101
249
16
180
211
229
193
176
101
7
229
6
172
195
222
14
107
105
242
90
103
40
19
103
63
63
23
164
148
73
149
229
40
87
4
11
133
70
236
0
114
243
88
180
184
132
101
152
151
148
208
58
177
231
68
174
49
223
150
220
131
220
33
202
19
180
238
245
26
248
118
188
144
134
235
255
211
24
7
114
226
23
225
233
28
77
177
5
202
135
146
114
220
112
2
129
242
186
197
110
20
169
45
177
91
78
250
156
57
59
186
102
62
95
89
201
82
70
163
150
59
251
134
1
244
148
40
105
32
189
80
135
202
131
192
199
174
42
222
21
134
104
37
27
207
118
149
116
230
128
83
67
163
78
106
236
183
130
153
123
84
254
177
29
200
58
23
84
224
205
243
233
243
187
52
167
89
103
53
242
30
219
114
113
113
65
40
140
59
136
164
158
17
143
144
12
154
22
81
47
166
101
56
135
193
221
236
106
53
214
181
135
224
214
157
194
91
131
204
145
149
67
160
21
115
66
71
142
229
135
91
69
2
83
133
210
74
131
21
232
6
119
250
223
111
10
50
84
110
21
120
86
208
187
40
171
130
89
243
124
39
169
233
158
75
226
20
68
208
58
156
47
147
60
102
165
164
82
251
231
185
176
213
205
191
47
32
45
79
93
227
240
35
123
195
234
124
145
3
96
26
113
25
178
81
217
160
93
193
72
238
120
92
173
75
0
236
45
3
111
137
240
195
212
70
40
115
243
201
23
132
24
183
195
161
226
0
235
51
172
42
16
78
241
34
124
63
216
125
1
195
103
32
89
200
178
27
159
180
74
55
233
231
45
200
149
108
253
212
255
230
223
154
90
178
127
80
76
119
171
171
103
238
42
226
125
136
188
190
17
222
177
166
246
169
189
19
18
250
185
165
189
177
246
67
190
36
176
247
62
112
66
119
108
101
176
204
90
132
74
32
233
164
113
245
122
119
15
125
11
195
177
202
204
129
151
7
237
79
220
32
158
191
238
114
115
187
142
224
148
8
169
9
186
110
211
170
7
172
65
72
152
232
69
225
164
61
0
59
178
140
156
35
44
52
53
125
119
163
141
78
80
64
56
242
232
197
220
173
169
224
169
25
169
142
26
233
110
111
29
85
96
39
109
107
121
75
71
67
227
51
228
128
137
197
252
32
41
83
204
124
84
242
101
135
46
190
9
93
68
161
207
157
185
131
28
100
30
86
210
212
188
11
5
24
97
248
5
31
133
176
220
249
249
164
175
207
74
209
171
0
220
227
236
170
153
88
6
53
124
139
131
173
217
154
113
16
188
19
125
177
120
189
59
93
113
29
64
242
69
122
161
223
140
38
200
48
238
196
181
254
201
171
41
42
177
46
215
74
37
234
120
239
77
62
27
65
55
137
42
236
97
159
91
145
112
45
181
253
18
134
47
103
114
16
244
61
236
25
255
185
230
8
100
43
20
50
1
7
151
186
53
54
184
74
238
124
242
152
60
223
116
218
69
184
137
233
50
149
33
129
203
255
158
105
208
162
12
162
168
32
119
39
17
79
97
62
19
202
40
206
29
227
23
192
12
250
194
207
115
175
224
126
221
45
135
45
148
225
254
70
235
246
40
89
224
96
179
234
144
209
1
101
100
133
131
26
5
186
181
26
11
152
79
92
194
168
136
92
242
7
70
168
232
50
5
165
64
32
156
134
176
214
123
176
144
62
126
218
151
69
130
115
251
125
2
139
60
56
87
230
153
254
75
76
39
107
199
127
253
221
232
80
215
91
0
152
184
101
249
97
83
42
195
175
216
16
156
67
24
3
65
157
167
3
51
83
59
249
135
113
16
44
203
63
80
224
142
159
132
102
213
46
51
196
41
214
76
28
188
248
107
164
160
204
70
7
178
188
105
78
97
140
173
203
100
140
35
196
75
203
0
148
143
21
82
151
247
115
222
253
213
135
21
172
173
73
11
230
168
173
176
224
34
101
17
39
206
153
202
20
152
64
207
18
99
10
209
31
128
120
185
94
229
150
13
185
47
12
56
80
32
84
86
156
225
48
33
81
162
217
183
137
195
243
184
64
217
136
148
182
238
140
126
105
120
53
174
153
77
165
149
206
229
122
77
195
73
3
204
104
205
10
11
237
84
172
228
115
215
118
196
119
208
26
151
161
35
147
204
248
96
27
217
136
92
110
218
141
180
51
179
36
156
136
24
199
46
205
46
243
20
57
120
226
16
201
200
249
221
172
151
28
52
35
64
164
144
236
74
234
19
53
207
145
157
57
159
9
88
138
87
62
233
248
122
6
203
169
128
162
221
180
217
190
19
134
24
107
187
112
74
13
168
253
217
50
226
143
111
93
24
57
201
62
136
35
39
167
253
210
164
86
52
102
164
231
198
102
151
40
111
154
160
43
31
167
159
232
161
46
161
243
171
247
131
86
188
218
30
205
13
18
38
167
178
31
27
102
159
114
75
216
142
71
75
73
54
103
148
58
214
160
116
84
15
7
122
31
70
114
29
106
205
116
199
200
203
70
104
73
42
177
235
254
170
247
254
198
137
86
35
31
107
145
137
206
175
237
238
43
53
135
5
184
150
36
10
82
117
28
253
209
226
242
199
86
14
11
81
233
7
187
198
228
37
134
190
59
67
9
90
73
110
179
125
97
217
246
91
213
91
221
120
99
55
224
103
253
87
33
160
85
21
172
250
124
131
17
130
126
132
18
149
20
16
72
177
243
206
238
65
201
61
125
245
48
235
34
135
40
48
109
81
2
168
168
219
67
237
173
241
135
252
79
150
247
217
16
215
158
80
151
41
93
172
65
89
99
76
5
175
147
115
18
79
229
228
89
229
214
121
146
94
21
92
42
226
255
203
152
102
231
122
12
201
62
15
127
195
20
65
87
165
28
8
115
186
47
157
160
56
240
213
208
13
183
201
129
72
66
84
204
147
126
196
80
15
53
163
225
172
78
29
176
191
69
113
105
174
117
178
252
104
241
39
216
168
199
182
196
253
28
225
177
170
199
146
211
47
81
5
199
218
247
138
93
214
184
122
191
3
67
21
151
165
127
31
207
206
240
42
115
92
177
24
82
192
185
197
144
47
92
171
43
220
236
183
114
162
108
196
6
97
202
68
147
35
135
193
66
144
8
143
210
243
200
92
255
223
34
142
250
204
39
226
197
125
238
171
198
212
152
66
12
126
66
38
226
99
96
194
161
209
75
120
114
28
106
127
155
156
61
63
136
23
245
223
158
40
15
168
154
197
237
60
32
93
78
199
126
124
40
67
199
155
27
17
48
201
214
172
23
46
91
245
109
242
198
117
196
50
214
184
213
116
138
78
255
211
133
83
168
224
173
10
244
231
2
97
20
252
135
254
31
111
146
30
182
193
108
18
214
210
158
159
183
51
210
21
94
48
38
24
113
57
187
100
78
9
45
204
233
108
209
4
229
65
75
150
75
42
209
108
73
20
172
151
160
163
198
45
126
200
143
192
132
105
169
162
184
236
183
149
143
237
122
33
235
63
100
169
7
91
161
221
151
205
163
187
35
104
182
113
52
121
184
233
218
86
68
210
4
124
223
41
201
225
170
97
220
238
203
13
122
220
137
108
110
173
230
32
19
26
227
75
54
39
150
251
105
231
249
214
192
147
142
23
56
198
222
17
159
247
174
244
8
223
190
64
16
46
213
31
92
201
93
105
20
226
34
67
164
233
17
216
164
229
188
75
60
244
155
19
217
100
174
70
61
206
119
233
75
168
106
159
5
21
117
81
161
242
32
95
72
195
247
102
57
48
14
179
193
186
228
136
210
4
211
173
26
12
3
246
19
154
216
44
173
52
187
122
109
218
134
58
167
101
245
138
142
104
22
140
150
248
217
164
91
21
74
232
82
171
43
190
39
148
163
164
173
189
163
236
32
89
34
130
212
206
32
14
42
54
78
73
116
244
97
171
204
39
167
177
169
76
171
59
10
42
217
209
233