128
198
185
122
149
42
191
196
118
133
55
47
60
229
212
0
80
143
252
82
58
170
153
203
161
0
124
204
94
200
156
125
176
198
185
122
149
42
191
196
118
133
55
47
60
229
212
0
80
143
252
82
58
170
153
203
161
0
124
204
94
200
156
125
176
198
185
122
149
42
191
196
118
133
55
47
60
229
212
0
80
143
252
82
58
170
153
203
161
0
124
204
94
200
156
125
176
198
185
122
149
42
191
196
118
133
55
47
60
229
212
0
80
143
252
82
58
170
153
203
161
0
124
204
94
200
156
125
176